{
 "cells": [
  {
   "cell_type": "code",
   "execution_count": 1,
   "metadata": {},
   "outputs": [
    {
     "data": {
      "text/html": [
       "<div>\n",
       "<style scoped>\n",
       "    .dataframe tbody tr th:only-of-type {\n",
       "        vertical-align: middle;\n",
       "    }\n",
       "\n",
       "    .dataframe tbody tr th {\n",
       "        vertical-align: top;\n",
       "    }\n",
       "\n",
       "    .dataframe thead th {\n",
       "        text-align: right;\n",
       "    }\n",
       "</style>\n",
       "<table border=\"1\" class=\"dataframe\">\n",
       "  <thead>\n",
       "    <tr style=\"text-align: right;\">\n",
       "      <th></th>\n",
       "      <th>age</th>\n",
       "      <th>sex</th>\n",
       "      <th>bmi</th>\n",
       "      <th>bp</th>\n",
       "      <th>s1</th>\n",
       "      <th>s2</th>\n",
       "      <th>s3</th>\n",
       "      <th>s4</th>\n",
       "      <th>s5</th>\n",
       "      <th>s6</th>\n",
       "      <th>target</th>\n",
       "    </tr>\n",
       "  </thead>\n",
       "  <tbody>\n",
       "    <tr>\n",
       "      <th>0</th>\n",
       "      <td>0.038076</td>\n",
       "      <td>0.050680</td>\n",
       "      <td>0.061696</td>\n",
       "      <td>0.021872</td>\n",
       "      <td>-0.044223</td>\n",
       "      <td>-0.034821</td>\n",
       "      <td>-0.043401</td>\n",
       "      <td>-0.002592</td>\n",
       "      <td>0.019907</td>\n",
       "      <td>-0.017646</td>\n",
       "      <td>151.0</td>\n",
       "    </tr>\n",
       "    <tr>\n",
       "      <th>1</th>\n",
       "      <td>-0.001882</td>\n",
       "      <td>-0.044642</td>\n",
       "      <td>-0.051474</td>\n",
       "      <td>-0.026328</td>\n",
       "      <td>-0.008449</td>\n",
       "      <td>-0.019163</td>\n",
       "      <td>0.074412</td>\n",
       "      <td>-0.039493</td>\n",
       "      <td>-0.068332</td>\n",
       "      <td>-0.092204</td>\n",
       "      <td>75.0</td>\n",
       "    </tr>\n",
       "    <tr>\n",
       "      <th>2</th>\n",
       "      <td>0.085299</td>\n",
       "      <td>0.050680</td>\n",
       "      <td>0.044451</td>\n",
       "      <td>-0.005670</td>\n",
       "      <td>-0.045599</td>\n",
       "      <td>-0.034194</td>\n",
       "      <td>-0.032356</td>\n",
       "      <td>-0.002592</td>\n",
       "      <td>0.002861</td>\n",
       "      <td>-0.025930</td>\n",
       "      <td>141.0</td>\n",
       "    </tr>\n",
       "    <tr>\n",
       "      <th>3</th>\n",
       "      <td>-0.089063</td>\n",
       "      <td>-0.044642</td>\n",
       "      <td>-0.011595</td>\n",
       "      <td>-0.036656</td>\n",
       "      <td>0.012191</td>\n",
       "      <td>0.024991</td>\n",
       "      <td>-0.036038</td>\n",
       "      <td>0.034309</td>\n",
       "      <td>0.022688</td>\n",
       "      <td>-0.009362</td>\n",
       "      <td>206.0</td>\n",
       "    </tr>\n",
       "    <tr>\n",
       "      <th>4</th>\n",
       "      <td>0.005383</td>\n",
       "      <td>-0.044642</td>\n",
       "      <td>-0.036385</td>\n",
       "      <td>0.021872</td>\n",
       "      <td>0.003935</td>\n",
       "      <td>0.015596</td>\n",
       "      <td>0.008142</td>\n",
       "      <td>-0.002592</td>\n",
       "      <td>-0.031988</td>\n",
       "      <td>-0.046641</td>\n",
       "      <td>135.0</td>\n",
       "    </tr>\n",
       "    <tr>\n",
       "      <th>...</th>\n",
       "      <td>...</td>\n",
       "      <td>...</td>\n",
       "      <td>...</td>\n",
       "      <td>...</td>\n",
       "      <td>...</td>\n",
       "      <td>...</td>\n",
       "      <td>...</td>\n",
       "      <td>...</td>\n",
       "      <td>...</td>\n",
       "      <td>...</td>\n",
       "      <td>...</td>\n",
       "    </tr>\n",
       "    <tr>\n",
       "      <th>437</th>\n",
       "      <td>0.041708</td>\n",
       "      <td>0.050680</td>\n",
       "      <td>0.019662</td>\n",
       "      <td>0.059744</td>\n",
       "      <td>-0.005697</td>\n",
       "      <td>-0.002566</td>\n",
       "      <td>-0.028674</td>\n",
       "      <td>-0.002592</td>\n",
       "      <td>0.031193</td>\n",
       "      <td>0.007207</td>\n",
       "      <td>178.0</td>\n",
       "    </tr>\n",
       "    <tr>\n",
       "      <th>438</th>\n",
       "      <td>-0.005515</td>\n",
       "      <td>0.050680</td>\n",
       "      <td>-0.015906</td>\n",
       "      <td>-0.067642</td>\n",
       "      <td>0.049341</td>\n",
       "      <td>0.079165</td>\n",
       "      <td>-0.028674</td>\n",
       "      <td>0.034309</td>\n",
       "      <td>-0.018114</td>\n",
       "      <td>0.044485</td>\n",
       "      <td>104.0</td>\n",
       "    </tr>\n",
       "    <tr>\n",
       "      <th>439</th>\n",
       "      <td>0.041708</td>\n",
       "      <td>0.050680</td>\n",
       "      <td>-0.015906</td>\n",
       "      <td>0.017293</td>\n",
       "      <td>-0.037344</td>\n",
       "      <td>-0.013840</td>\n",
       "      <td>-0.024993</td>\n",
       "      <td>-0.011080</td>\n",
       "      <td>-0.046883</td>\n",
       "      <td>0.015491</td>\n",
       "      <td>132.0</td>\n",
       "    </tr>\n",
       "    <tr>\n",
       "      <th>440</th>\n",
       "      <td>-0.045472</td>\n",
       "      <td>-0.044642</td>\n",
       "      <td>0.039062</td>\n",
       "      <td>0.001215</td>\n",
       "      <td>0.016318</td>\n",
       "      <td>0.015283</td>\n",
       "      <td>-0.028674</td>\n",
       "      <td>0.026560</td>\n",
       "      <td>0.044529</td>\n",
       "      <td>-0.025930</td>\n",
       "      <td>220.0</td>\n",
       "    </tr>\n",
       "    <tr>\n",
       "      <th>441</th>\n",
       "      <td>-0.045472</td>\n",
       "      <td>-0.044642</td>\n",
       "      <td>-0.073030</td>\n",
       "      <td>-0.081413</td>\n",
       "      <td>0.083740</td>\n",
       "      <td>0.027809</td>\n",
       "      <td>0.173816</td>\n",
       "      <td>-0.039493</td>\n",
       "      <td>-0.004222</td>\n",
       "      <td>0.003064</td>\n",
       "      <td>57.0</td>\n",
       "    </tr>\n",
       "  </tbody>\n",
       "</table>\n",
       "<p>442 rows × 11 columns</p>\n",
       "</div>"
      ],
      "text/plain": [
       "          age       sex       bmi        bp        s1        s2        s3  \\\n",
       "0    0.038076  0.050680  0.061696  0.021872 -0.044223 -0.034821 -0.043401   \n",
       "1   -0.001882 -0.044642 -0.051474 -0.026328 -0.008449 -0.019163  0.074412   \n",
       "2    0.085299  0.050680  0.044451 -0.005670 -0.045599 -0.034194 -0.032356   \n",
       "3   -0.089063 -0.044642 -0.011595 -0.036656  0.012191  0.024991 -0.036038   \n",
       "4    0.005383 -0.044642 -0.036385  0.021872  0.003935  0.015596  0.008142   \n",
       "..        ...       ...       ...       ...       ...       ...       ...   \n",
       "437  0.041708  0.050680  0.019662  0.059744 -0.005697 -0.002566 -0.028674   \n",
       "438 -0.005515  0.050680 -0.015906 -0.067642  0.049341  0.079165 -0.028674   \n",
       "439  0.041708  0.050680 -0.015906  0.017293 -0.037344 -0.013840 -0.024993   \n",
       "440 -0.045472 -0.044642  0.039062  0.001215  0.016318  0.015283 -0.028674   \n",
       "441 -0.045472 -0.044642 -0.073030 -0.081413  0.083740  0.027809  0.173816   \n",
       "\n",
       "           s4        s5        s6  target  \n",
       "0   -0.002592  0.019907 -0.017646   151.0  \n",
       "1   -0.039493 -0.068332 -0.092204    75.0  \n",
       "2   -0.002592  0.002861 -0.025930   141.0  \n",
       "3    0.034309  0.022688 -0.009362   206.0  \n",
       "4   -0.002592 -0.031988 -0.046641   135.0  \n",
       "..        ...       ...       ...     ...  \n",
       "437 -0.002592  0.031193  0.007207   178.0  \n",
       "438  0.034309 -0.018114  0.044485   104.0  \n",
       "439 -0.011080 -0.046883  0.015491   132.0  \n",
       "440  0.026560  0.044529 -0.025930   220.0  \n",
       "441 -0.039493 -0.004222  0.003064    57.0  \n",
       "\n",
       "[442 rows x 11 columns]"
      ]
     },
     "execution_count": 1,
     "metadata": {},
     "output_type": "execute_result"
    }
   ],
   "source": [
    "import sklearn\n",
    "import pandas as pd\n",
    "from sklearn.datasets import load_diabetes\n",
    "diabetes = load_diabetes()\n",
    "df = pd.DataFrame(data = diabetes.data, columns = diabetes.feature_names)\n",
    "df['target'] = diabetes.target\n",
    "df"
   ]
  },
  {
   "cell_type": "code",
   "execution_count": 8,
   "metadata": {},
   "outputs": [
    {
     "data": {
      "text/html": [
       "<div>\n",
       "<style scoped>\n",
       "    .dataframe tbody tr th:only-of-type {\n",
       "        vertical-align: middle;\n",
       "    }\n",
       "\n",
       "    .dataframe tbody tr th {\n",
       "        vertical-align: top;\n",
       "    }\n",
       "\n",
       "    .dataframe thead th {\n",
       "        text-align: right;\n",
       "    }\n",
       "</style>\n",
       "<table border=\"1\" class=\"dataframe\">\n",
       "  <thead>\n",
       "    <tr style=\"text-align: right;\">\n",
       "      <th></th>\n",
       "      <th>age</th>\n",
       "      <th>sex</th>\n",
       "      <th>bmi</th>\n",
       "      <th>bp</th>\n",
       "      <th>s1</th>\n",
       "      <th>s2</th>\n",
       "      <th>s3</th>\n",
       "      <th>s4</th>\n",
       "      <th>s5</th>\n",
       "      <th>s6</th>\n",
       "      <th>target</th>\n",
       "    </tr>\n",
       "  </thead>\n",
       "  <tbody>\n",
       "    <tr>\n",
       "      <th>age</th>\n",
       "      <td>1.000000</td>\n",
       "      <td>0.173737</td>\n",
       "      <td>0.185085</td>\n",
       "      <td>0.335428</td>\n",
       "      <td>0.260061</td>\n",
       "      <td>0.219243</td>\n",
       "      <td>-0.075181</td>\n",
       "      <td>0.203841</td>\n",
       "      <td>0.270774</td>\n",
       "      <td>0.301731</td>\n",
       "      <td>0.187889</td>\n",
       "    </tr>\n",
       "    <tr>\n",
       "      <th>sex</th>\n",
       "      <td>0.173737</td>\n",
       "      <td>1.000000</td>\n",
       "      <td>0.088161</td>\n",
       "      <td>0.241010</td>\n",
       "      <td>0.035277</td>\n",
       "      <td>0.142637</td>\n",
       "      <td>-0.379090</td>\n",
       "      <td>0.332115</td>\n",
       "      <td>0.149916</td>\n",
       "      <td>0.208133</td>\n",
       "      <td>0.043062</td>\n",
       "    </tr>\n",
       "    <tr>\n",
       "      <th>bmi</th>\n",
       "      <td>0.185085</td>\n",
       "      <td>0.088161</td>\n",
       "      <td>1.000000</td>\n",
       "      <td>0.395411</td>\n",
       "      <td>0.249777</td>\n",
       "      <td>0.261170</td>\n",
       "      <td>-0.366811</td>\n",
       "      <td>0.413807</td>\n",
       "      <td>0.446157</td>\n",
       "      <td>0.388680</td>\n",
       "      <td>0.586450</td>\n",
       "    </tr>\n",
       "    <tr>\n",
       "      <th>bp</th>\n",
       "      <td>0.335428</td>\n",
       "      <td>0.241010</td>\n",
       "      <td>0.395411</td>\n",
       "      <td>1.000000</td>\n",
       "      <td>0.242464</td>\n",
       "      <td>0.185548</td>\n",
       "      <td>-0.178762</td>\n",
       "      <td>0.257650</td>\n",
       "      <td>0.393480</td>\n",
       "      <td>0.390430</td>\n",
       "      <td>0.441482</td>\n",
       "    </tr>\n",
       "    <tr>\n",
       "      <th>s1</th>\n",
       "      <td>0.260061</td>\n",
       "      <td>0.035277</td>\n",
       "      <td>0.249777</td>\n",
       "      <td>0.242464</td>\n",
       "      <td>1.000000</td>\n",
       "      <td>0.896663</td>\n",
       "      <td>0.051519</td>\n",
       "      <td>0.542207</td>\n",
       "      <td>0.515503</td>\n",
       "      <td>0.325717</td>\n",
       "      <td>0.212022</td>\n",
       "    </tr>\n",
       "    <tr>\n",
       "      <th>s2</th>\n",
       "      <td>0.219243</td>\n",
       "      <td>0.142637</td>\n",
       "      <td>0.261170</td>\n",
       "      <td>0.185548</td>\n",
       "      <td>0.896663</td>\n",
       "      <td>1.000000</td>\n",
       "      <td>-0.196455</td>\n",
       "      <td>0.659817</td>\n",
       "      <td>0.318357</td>\n",
       "      <td>0.290600</td>\n",
       "      <td>0.174054</td>\n",
       "    </tr>\n",
       "    <tr>\n",
       "      <th>s3</th>\n",
       "      <td>-0.075181</td>\n",
       "      <td>-0.379090</td>\n",
       "      <td>-0.366811</td>\n",
       "      <td>-0.178762</td>\n",
       "      <td>0.051519</td>\n",
       "      <td>-0.196455</td>\n",
       "      <td>1.000000</td>\n",
       "      <td>-0.738493</td>\n",
       "      <td>-0.398577</td>\n",
       "      <td>-0.273697</td>\n",
       "      <td>-0.394789</td>\n",
       "    </tr>\n",
       "    <tr>\n",
       "      <th>s4</th>\n",
       "      <td>0.203841</td>\n",
       "      <td>0.332115</td>\n",
       "      <td>0.413807</td>\n",
       "      <td>0.257650</td>\n",
       "      <td>0.542207</td>\n",
       "      <td>0.659817</td>\n",
       "      <td>-0.738493</td>\n",
       "      <td>1.000000</td>\n",
       "      <td>0.617859</td>\n",
       "      <td>0.417212</td>\n",
       "      <td>0.430453</td>\n",
       "    </tr>\n",
       "    <tr>\n",
       "      <th>s5</th>\n",
       "      <td>0.270774</td>\n",
       "      <td>0.149916</td>\n",
       "      <td>0.446157</td>\n",
       "      <td>0.393480</td>\n",
       "      <td>0.515503</td>\n",
       "      <td>0.318357</td>\n",
       "      <td>-0.398577</td>\n",
       "      <td>0.617859</td>\n",
       "      <td>1.000000</td>\n",
       "      <td>0.464669</td>\n",
       "      <td>0.565883</td>\n",
       "    </tr>\n",
       "    <tr>\n",
       "      <th>s6</th>\n",
       "      <td>0.301731</td>\n",
       "      <td>0.208133</td>\n",
       "      <td>0.388680</td>\n",
       "      <td>0.390430</td>\n",
       "      <td>0.325717</td>\n",
       "      <td>0.290600</td>\n",
       "      <td>-0.273697</td>\n",
       "      <td>0.417212</td>\n",
       "      <td>0.464669</td>\n",
       "      <td>1.000000</td>\n",
       "      <td>0.382483</td>\n",
       "    </tr>\n",
       "    <tr>\n",
       "      <th>target</th>\n",
       "      <td>0.187889</td>\n",
       "      <td>0.043062</td>\n",
       "      <td>0.586450</td>\n",
       "      <td>0.441482</td>\n",
       "      <td>0.212022</td>\n",
       "      <td>0.174054</td>\n",
       "      <td>-0.394789</td>\n",
       "      <td>0.430453</td>\n",
       "      <td>0.565883</td>\n",
       "      <td>0.382483</td>\n",
       "      <td>1.000000</td>\n",
       "    </tr>\n",
       "  </tbody>\n",
       "</table>\n",
       "</div>"
      ],
      "text/plain": [
       "             age       sex       bmi        bp        s1        s2        s3  \\\n",
       "age     1.000000  0.173737  0.185085  0.335428  0.260061  0.219243 -0.075181   \n",
       "sex     0.173737  1.000000  0.088161  0.241010  0.035277  0.142637 -0.379090   \n",
       "bmi     0.185085  0.088161  1.000000  0.395411  0.249777  0.261170 -0.366811   \n",
       "bp      0.335428  0.241010  0.395411  1.000000  0.242464  0.185548 -0.178762   \n",
       "s1      0.260061  0.035277  0.249777  0.242464  1.000000  0.896663  0.051519   \n",
       "s2      0.219243  0.142637  0.261170  0.185548  0.896663  1.000000 -0.196455   \n",
       "s3     -0.075181 -0.379090 -0.366811 -0.178762  0.051519 -0.196455  1.000000   \n",
       "s4      0.203841  0.332115  0.413807  0.257650  0.542207  0.659817 -0.738493   \n",
       "s5      0.270774  0.149916  0.446157  0.393480  0.515503  0.318357 -0.398577   \n",
       "s6      0.301731  0.208133  0.388680  0.390430  0.325717  0.290600 -0.273697   \n",
       "target  0.187889  0.043062  0.586450  0.441482  0.212022  0.174054 -0.394789   \n",
       "\n",
       "              s4        s5        s6    target  \n",
       "age     0.203841  0.270774  0.301731  0.187889  \n",
       "sex     0.332115  0.149916  0.208133  0.043062  \n",
       "bmi     0.413807  0.446157  0.388680  0.586450  \n",
       "bp      0.257650  0.393480  0.390430  0.441482  \n",
       "s1      0.542207  0.515503  0.325717  0.212022  \n",
       "s2      0.659817  0.318357  0.290600  0.174054  \n",
       "s3     -0.738493 -0.398577 -0.273697 -0.394789  \n",
       "s4      1.000000  0.617859  0.417212  0.430453  \n",
       "s5      0.617859  1.000000  0.464669  0.565883  \n",
       "s6      0.417212  0.464669  1.000000  0.382483  \n",
       "target  0.430453  0.565883  0.382483  1.000000  "
      ]
     },
     "execution_count": 8,
     "metadata": {},
     "output_type": "execute_result"
    }
   ],
   "source": [
    "df.corr()"
   ]
  },
  {
   "cell_type": "code",
   "execution_count": 28,
   "metadata": {},
   "outputs": [
    {
     "data": {
      "text/plain": [
       "age       0.187889\n",
       "sex       0.043062\n",
       "bmi       0.586450\n",
       "bp        0.441482\n",
       "s1        0.212022\n",
       "s2        0.174054\n",
       "s3       -0.394789\n",
       "s4        0.430453\n",
       "s5        0.565883\n",
       "s6        0.382483\n",
       "target    1.000000\n",
       "Name: target, dtype: float64"
      ]
     },
     "execution_count": 28,
     "metadata": {},
     "output_type": "execute_result"
    }
   ],
   "source": [
    "target_df = df[df.columns[0:]].corr()['target'][:]\n",
    "target_df"
   ]
  },
  {
   "cell_type": "code",
   "execution_count": 29,
   "metadata": {},
   "outputs": [
    {
     "data": {
      "text/plain": [
       "age    0.187889\n",
       "sex    0.043062\n",
       "bmi    0.586450\n",
       "bp     0.441482\n",
       "s1     0.212022\n",
       "s2     0.174054\n",
       "s3    -0.394789\n",
       "s4     0.430453\n",
       "s5     0.565883\n",
       "s6     0.382483\n",
       "Name: target, dtype: float64"
      ]
     },
     "execution_count": 29,
     "metadata": {},
     "output_type": "execute_result"
    }
   ],
   "source": [
    "df = target_df.drop('target')\n",
    "df"
   ]
  },
  {
   "cell_type": "code",
   "execution_count": 36,
   "metadata": {},
   "outputs": [
    {
     "name": "stdout",
     "output_type": "stream",
     "text": [
      "The feature with the strongest positive, linear correlation coefficient is:  bmi\n",
      "The correlation coefficient of this is 0.5864501344746885\n",
      "The feature with the strongest negative, linear correlation coefficient is:  s3\n",
      "The correlation coefficient of this is -0.39478925067091836\n"
     ]
    }
   ],
   "source": [
    "print(\"The feature with the strongest positive, linear correlation coefficient is: \", df.idxmax())\n",
    "print(f'The correlation coefficient of this is', df.max())\n",
    "\n",
    "print(\"The feature with the strongest negative, linear correlation coefficient is: \", df.idxmin())\n",
    "print(f'The correlation coefficient of this is', df.min())\n"
   ]
  },
  {
   "cell_type": "code",
   "execution_count": null,
   "metadata": {},
   "outputs": [],
   "source": []
  }
 ],
 "metadata": {
  "kernelspec": {
   "display_name": "Python 3",
   "language": "python",
   "name": "python3"
  },
  "language_info": {
   "codemirror_mode": {
    "name": "ipython",
    "version": 3
   },
   "file_extension": ".py",
   "mimetype": "text/x-python",
   "name": "python",
   "nbconvert_exporter": "python",
   "pygments_lexer": "ipython3",
   "version": "3.11.3"
  }
 },
 "nbformat": 4,
 "nbformat_minor": 2
}
